image: sh_cad.png
resolution: 0.0130
origin: [1.80000, 1.000000, 0.000000]
negate: 0
occupied_thresh: 0.65
free_thresh: 0.196

